-5.0e0 -5.0e0 2.5e1 2.5e1
-4.58334e0 -5.0e0 2.1007004e1 2.1007004e1
-4.16668e0 -5.0e0 1.7361221e1 1.7361221e1
-3.75002e0 -5.0e0 1.4062653e1 1.4062653e1
-3.33336e0 -5.0e0 1.1111298e1 1.1111298e1
-2.9167e0 -5.0e0 8.5071426e0 8.5071426e0
-2.50004e0 -5.0e0 6.2501984e0 6.2501984e0
-2.08338e0 -5.0e0 4.3404724e0 4.3404724e0
-1.66672e0 -5.0e0 2.7779572e0 2.7779572e0
-1.25006e0 -5.0e0 1.5626495e0 1.5626495e0
-8.334e-1 -5.0e0 6.9455551e-1 6.9455551e-1
-4.1673999e-1 -5.0e0 1.7367218e-1 1.7367218e-1
-7.999e-5 -5.0e0 6.3984009e-9 6.3984009e-9
4.1658002e-1 -5.0e0 1.7353897e-1 1.7353897e-1
8.3324002e-1 -5.0e0 6.9428894e-1 6.9428894e-1
1.24990002e0 -5.0e0 1.5622482e0 1.5622482e0
1.66656e0 -5.0e0 2.7774231e0 2.7774231e0
2.08322e0 -5.0e0 4.3398056e0 4.3398056e0
2.49988e0 -5.0e0 6.2493973e0 6.2493973e0
2.91654e0 -5.0e0 8.5062088e0 8.5062088e0
3.3332e0 -5.0e0 1.111023e1 1.111023e1
3.7498601e0 -5.0e0 1.4061447e1 1.4061447e1
4.1665201e0 -5.0e0 1.7359894e1 1.7359894e1
4.5831801e0 -5.0e0 2.1005539e1 2.1005539e1
4.9998401e0 -5.0e0 2.4998398e1 2.4998398e1

-5.0e0 -4.58334e0 2.5e1 2.5e1
-4.58334e0 -4.58334e0 2.1007004e1 2.1007004e1
-4.16668e0 -4.58334e0 1.7361221e1 1.7361221e1
-3.75002e0 -4.58334e0 1.4062653e1 1.4062653e1
-3.33336e0 -4.58334e0 1.1111298e1 1.1111298e1
-2.9167e0 -4.58334e0 8.5071426e0 8.5071426e0
-2.50004e0 -4.58334e0 6.2501984e0 6.2501984e0
-2.08338e0 -4.58334e0 4.3404724e0 4.3404724e0
-1.66672e0 -4.58334e0 2.7779572e0 2.7779572e0
-1.25006e0 -4.58334e0 1.5626495e0 1.5626495e0
-8.334e-1 -4.58334e0 6.9455551e-1 6.9455551e-1
-4.1673999e-1 -4.58334e0 1.7367218e-1 1.7367218e-1
-7.999e-5 -4.58334e0 6.3984009e-9 6.3984009e-9
4.1658002e-1 -4.58334e0 1.7353897e-1 1.7353897e-1
8.3324002e-1 -4.58334e0 6.9428894e-1 6.9428894e-1
1.24990002e0 -4.58334e0 1.5622482e0 1.5622482e0
1.66656e0 -4.58334e0 2.7774231e0 2.7774231e0
2.08322e0 -4.58334e0 4.3398056e0 4.3398056e0
2.49988e0 -4.58334e0 6.2493973e0 6.2493973e0
2.91654e0 -4.58334e0 8.5062088e0 8.5062088e0
3.3332e0 -4.58334e0 1.111023e1 1.111023e1
3.7498601e0 -4.58334e0 1.4061447e1 1.4061447e1
4.1665201e0 -4.58334e0 1.7359894e1 1.7359894e1
4.5831801e0 -4.58334e0 2.1005539e1 2.1005539e1
4.9998401e0 -4.58334e0 2.4998398e1 2.4998398e1

-5.0e0 -4.16668e0 2.5e1 2.5e1
-4.58334e0 -4.16668e0 2.1007004e1 2.1007004e1
-4.16668e0 -4.16668e0 1.7361221e1 1.7361221e1
-3.75002e0 -4.16668e0 1.4062653e1 1.4062653e1
-3.33336e0 -4.16668e0 1.1111298e1 1.1111298e1
-2.9167e0 -4.16668e0 8.5071426e0 8.5071426e0
-2.50004e0 -4.16668e0 6.2501984e0 6.2501984e0
-2.08338e0 -4.16668e0 4.3404724e0 4.3404724e0
-1.66672e0 -4.16668e0 2.7779572e0 2.7779572e0
-1.25006e0 -4.16668e0 1.5626495e0 1.5626495e0
-8.334e-1 -4.16668e0 6.9455551e-1 6.9455551e-1
-4.1673999e-1 -4.16668e0 1.7367218e-1 1.7367218e-1
-7.999e-5 -4.16668e0 6.3984009e-9 6.3984009e-9
4.1658002e-1 -4.16668e0 1.7353897e-1 1.7353897e-1
8.3324002e-1 -4.16668e0 6.9428894e-1 6.9428894e-1
1.24990002e0 -4.16668e0 1.5622482e0 1.5622482e0
1.66656e0 -4.16668e0 2.7774231e0 2.7774231e0
2.08322e0 -4.16668e0 4.3398056e0 4.3398056e0
2.49988e0 -4.16668e0 6.2493973e0 6.2493973e0
2.91654e0 -4.16668e0 8.5062088e0 8.5062088e0
3.3332e0 -4.16668e0 1.111023e1 1.111023e1
3.7498601e0 -4.16668e0 1.4061447e1 1.4061447e1
4.1665201e0 -4.16668e0 1.7359894e1 1.7359894e1
4.5831801e0 -4.16668e0 2.1005539e1 2.1005539e1
4.9998401e0 -4.16668e0 2.4998398e1 2.4998398e1

-5.0e0 -3.75002e0 2.5e1 2.5e1
-4.58334e0 -3.75002e0 2.1007004e1 2.1007004e1
-4.16668e0 -3.75002e0 1.7361221e1 1.7361221e1
-3.75002e0 -3.75002e0 1.4062653e1 1.4062653e1
-3.33336e0 -3.75002e0 1.1111298e1 1.1111298e1
-2.9167e0 -3.75002e0 8.5071426e0 8.5071426e0
-2.50004e0 -3.75002e0 6.2501984e0 6.2501984e0
-2.08338e0 -3.75002e0 4.3404724e0 4.3404724e0
-1.66672e0 -3.75002e0 2.7779572e0 2.7779572e0
-1.25006e0 -3.75002e0 1.5626495e0 1.5626495e0
-8.334e-1 -3.75002e0 6.9455551e-1 6.9455551e-1
-4.1673999e-1 -3.75002e0 1.7367218e-1 1.7367218e-1
-7.999e-5 -3.75002e0 6.3984009e-9 6.3984009e-9
4.1658002e-1 -3.75002e0 1.7353897e-1 1.7353897e-1
8.3324002e-1 -3.75002e0 6.9428894e-1 6.9428894e-1
1.24990002e0 -3.75002e0 1.5622482e0 1.5622482e0
1.66656e0 -3.75002e0 2.7774231e0 2.7774231e0
2.08322e0 -3.75002e0 4.3398056e0 4.3398056e0
2.49988e0 -3.75002e0 6.2493973e0 6.2493973e0
2.91654e0 -3.75002e0 8.5062088e0 8.5062088e0
3.3332e0 -3.75002e0 1.111023e1 1.111023e1
3.7498601e0 -3.75002e0 1.4061447e1 1.4061447e1
4.1665201e0 -3.75002e0 1.7359894e1 1.7359894e1
4.5831801e0 -3.75002e0 2.1005539e1 2.1005539e1
4.9998401e0 -3.75002e0 2.4998398e1 2.4998398e1

-5.0e0 -3.33336e0 2.5e1 2.5e1
-4.58334e0 -3.33336e0 2.1007004e1 2.1007004e1
-4.16668e0 -3.33336e0 1.7361221e1 1.7361221e1
-3.75002e0 -3.33336e0 1.4062653e1 1.4062653e1
-3.33336e0 -3.33336e0 1.1111298e1 1.1111298e1
-2.9167e0 -3.33336e0 8.5071426e0 8.5071426e0
-2.50004e0 -3.33336e0 6.2501984e0 6.2501984e0
-2.08338e0 -3.33336e0 4.3404724e0 4.3404724e0
-1.66672e0 -3.33336e0 2.7779572e0 2.7779572e0
-1.25006e0 -3.33336e0 1.5626495e0 1.5626495e0
-8.334e-1 -3.33336e0 6.9455551e-1 6.9455551e-1
-4.1673999e-1 -3.33336e0 1.7367218e-1 1.7367218e-1
-7.999e-5 -3.33336e0 6.3984009e-9 6.3984009e-9
4.1658002e-1 -3.33336e0 1.7353897e-1 1.7353897e-1
8.3324002e-1 -3.33336e0 6.9428894e-1 6.9428894e-1
1.24990002e0 -3.33336e0 1.5622482e0 1.5622482e0
1.66656e0 -3.33336e0 2.7774231e0 2.7774231e0
2.08322e0 -3.33336e0 4.3398056e0 4.3398056e0
2.49988e0 -3.33336e0 6.2493973e0 6.2493973e0
2.91654e0 -3.33336e0 8.5062088e0 8.5062088e0
3.3332e0 -3.33336e0 1.111023e1 1.111023e1
3.7498601e0 -3.33336e0 1.4061447e1 1.4061447e1
4.1665201e0 -3.33336e0 1.7359894e1 1.7359894e1
4.5831801e0 -3.33336e0 2.1005539e1 2.1005539e1
4.9998401e0 -3.33336e0 2.4998398e1 2.4998398e1

-5.0e0 -2.9167e0 2.5e1 2.5e1
-4.58334e0 -2.9167e0 2.1007004e1 2.1007004e1
-4.16668e0 -2.9167e0 1.7361221e1 1.7361221e1
-3.75002e0 -2.9167e0 1.4062653e1 1.4062653e1
-3.33336e0 -2.9167e0 1.1111298e1 1.1111298e1
-2.9167e0 -2.9167e0 8.5071426e0 8.5071426e0
-2.50004e0 -2.9167e0 6.2501984e0 6.2501984e0
-2.08338e0 -2.9167e0 4.3404724e0 4.3404724e0
-1.66672e0 -2.9167e0 2.7779572e0 2.7779572e0
-1.25006e0 -2.9167e0 1.5626495e0 1.5626495e0
-8.334e-1 -2.9167e0 6.9455551e-1 6.9455551e-1
-4.1673999e-1 -2.9167e0 1.7367218e-1 1.7367218e-1
-7.999e-5 -2.9167e0 6.3984009e-9 6.3984009e-9
4.1658002e-1 -2.9167e0 1.7353897e-1 1.7353897e-1
8.3324002e-1 -2.9167e0 6.9428894e-1 6.9428894e-1
1.24990002e0 -2.9167e0 1.5622482e0 1.5622482e0
1.66656e0 -2.9167e0 2.7774231e0 2.7774231e0
2.08322e0 -2.9167e0 4.3398056e0 4.3398056e0
2.49988e0 -2.9167e0 6.2493973e0 6.2493973e0
2.91654e0 -2.9167e0 8.5062088e0 8.5062088e0
3.3332e0 -2.9167e0 1.111023e1 1.111023e1
3.7498601e0 -2.9167e0 1.4061447e1 1.4061447e1
4.1665201e0 -2.9167e0 1.7359894e1 1.7359894e1
4.5831801e0 -2.9167e0 2.1005539e1 2.1005539e1
4.9998401e0 -2.9167e0 2.4998398e1 2.4998398e1

-5.0e0 -2.50004e0 2.5e1 2.5e1
-4.58334e0 -2.50004e0 2.1007004e1 2.1007004e1
-4.16668e0 -2.50004e0 1.7361221e1 1.7361221e1
-3.75002e0 -2.50004e0 1.4062653e1 1.4062653e1
-3.33336e0 -2.50004e0 1.1111298e1 1.1111298e1
-2.9167e0 -2.50004e0 8.5071426e0 8.5071426e0
-2.50004e0 -2.50004e0 6.2501984e0 6.2501984e0
-2.08338e0 -2.50004e0 4.3404724e0 4.3404724e0
-1.66672e0 -2.50004e0 2.7779572e0 2.7779572e0
-1.25006e0 -2.50004e0 1.5626495e0 1.5626495e0
-8.334e-1 -2.50004e0 6.9455551e-1 6.9455551e-1
-4.1673999e-1 -2.50004e0 1.7367218e-1 1.7367218e-1
-7.999e-5 -2.50004e0 6.3984009e-9 6.3984009e-9
4.1658002e-1 -2.50004e0 1.7353897e-1 1.7353897e-1
8.3324002e-1 -2.50004e0 6.9428894e-1 6.9428894e-1
1.24990002e0 -2.50004e0 1.5622482e0 1.5622482e0
1.66656e0 -2.50004e0 2.7774231e0 2.7774231e0
2.08322e0 -2.50004e0 4.3398056e0 4.3398056e0
2.49988e0 -2.50004e0 6.2493973e0 6.2493973e0
2.91654e0 -2.50004e0 8.5062088e0 8.5062088e0
3.3332e0 -2.50004e0 1.111023e1 1.111023e1
3.7498601e0 -2.50004e0 1.4061447e1 1.4061447e1
4.1665201e0 -2.50004e0 1.7359894e1 1.7359894e1
4.5831801e0 -2.50004e0 2.1005539e1 2.1005539e1
4.9998401e0 -2.50004e0 2.4998398e1 2.4998398e1

-5.0e0 -2.08338e0 2.5e1 2.5e1
-4.58334e0 -2.08338e0 2.1007004e1 2.1007004e1
-4.16668e0 -2.08338e0 1.7361221e1 1.7361221e1
-3.75002e0 -2.08338e0 1.4062653e1 1.4062653e1
-3.33336e0 -2.08338e0 1.1111298e1 1.1111298e1
-2.9167e0 -2.08338e0 8.5071426e0 8.5071426e0
-2.50004e0 -2.08338e0 6.2501984e0 6.2501984e0
-2.08338e0 -2.08338e0 4.3404724e0 4.3404724e0
-1.66672e0 -2.08338e0 2.7779572e0 2.7779572e0
-1.25006e0 -2.08338e0 1.5626495e0 1.5626495e0
-8.334e-1 -2.08338e0 6.9455551e-1 6.9455551e-1
-4.1673999e-1 -2.08338e0 1.7367218e-1 1.7367218e-1
-7.999e-5 -2.08338e0 6.3984009e-9 6.3984009e-9
4.1658002e-1 -2.08338e0 1.7353897e-1 1.7353897e-1
8.3324002e-1 -2.08338e0 6.9428894e-1 6.9428894e-1
1.24990002e0 -2.08338e0 1.5622482e0 1.5622482e0
1.66656e0 -2.08338e0 2.7774231e0 2.7774231e0
2.08322e0 -2.08338e0 4.3398056e0 4.3398056e0
2.49988e0 -2.08338e0 6.2493973e0 6.2493973e0
2.91654e0 -2.08338e0 8.5062088e0 8.5062088e0
3.3332e0 -2.08338e0 1.111023e1 1.111023e1
3.7498601e0 -2.08338e0 1.4061447e1 1.4061447e1
4.1665201e0 -2.08338e0 1.7359894e1 1.7359894e1
4.5831801e0 -2.08338e0 2.1005539e1 2.1005539e1
4.9998401e0 -2.08338e0 2.4998398e1 2.4998398e1

-5.0e0 -1.66672e0 2.5e1 2.5e1
-4.58334e0 -1.66672e0 2.1007004e1 2.1007004e1
-4.16668e0 -1.66672e0 1.7361221e1 1.7361221e1
-3.75002e0 -1.66672e0 1.4062653e1 1.4062653e1
-3.33336e0 -1.66672e0 1.1111298e1 1.1111298e1
-2.9167e0 -1.66672e0 8.5071426e0 8.5071426e0
-2.50004e0 -1.66672e0 6.2501984e0 6.2501984e0
-2.08338e0 -1.66672e0 4.3404724e0 4.3404724e0
-1.66672e0 -1.66672e0 2.7779572e0 2.7779572e0
-1.25006e0 -1.66672e0 1.5626495e0 1.5626495e0
-8.334e-1 -1.66672e0 6.9455551e-1 6.9455551e-1
-4.1673999e-1 -1.66672e0 1.7367218e-1 1.7367218e-1
-7.999e-5 -1.66672e0 6.3984009e-9 6.3984009e-9
4.1658002e-1 -1.66672e0 1.7353897e-1 1.7353897e-1
8.3324002e-1 -1.66672e0 6.9428894e-1 6.9428894e-1
1.24990002e0 -1.66672e0 1.5622482e0 1.5622482e0
1.66656e0 -1.66672e0 2.7774231e0 2.7774231e0
2.08322e0 -1.66672e0 4.3398056e0 4.3398056e0
2.49988e0 -1.66672e0 6.2493973e0 6.2493973e0
2.91654e0 -1.66672e0 8.5062088e0 8.5062088e0
3.3332e0 -1.66672e0 1.111023e1 1.111023e1
3.7498601e0 -1.66672e0 1.4061447e1 1.4061447e1
4.1665201e0 -1.66672e0 1.7359894e1 1.7359894e1
4.5831801e0 -1.66672e0 2.1005539e1 2.1005539e1
4.9998401e0 -1.66672e0 2.4998398e1 2.4998398e1

-5.0e0 -1.25006e0 2.5e1 2.5e1
-4.58334e0 -1.25006e0 2.1007004e1 2.1007004e1
-4.16668e0 -1.25006e0 1.7361221e1 1.7361221e1
-3.75002e0 -1.25006e0 1.4062653e1 1.4062653e1
-3.33336e0 -1.25006e0 1.1111298e1 1.1111298e1
-2.9167e0 -1.25006e0 8.5071426e0 8.5071426e0
-2.50004e0 -1.25006e0 6.2501984e0 6.2501984e0
-2.08338e0 -1.25006e0 4.3404724e0 4.3404724e0
-1.66672e0 -1.25006e0 2.7779572e0 2.7779572e0
-1.25006e0 -1.25006e0 1.5626495e0 1.5626495e0
-8.334e-1 -1.25006e0 6.9455551e-1 6.9455551e-1
-4.1673999e-1 -1.25006e0 1.7367218e-1 1.7367218e-1
-7.999e-5 -1.25006e0 6.3984009e-9 6.3984009e-9
4.1658002e-1 -1.25006e0 1.7353897e-1 1.7353897e-1
8.3324002e-1 -1.25006e0 6.9428894e-1 6.9428894e-1
1.24990002e0 -1.25006e0 1.5622482e0 1.5622482e0
1.66656e0 -1.25006e0 2.7774231e0 2.7774231e0
2.08322e0 -1.25006e0 4.3398056e0 4.3398056e0
2.49988e0 -1.25006e0 6.2493973e0 6.2493973e0
2.91654e0 -1.25006e0 8.5062088e0 8.5062088e0
3.3332e0 -1.25006e0 1.111023e1 1.111023e1
3.7498601e0 -1.25006e0 1.4061447e1 1.4061447e1
4.1665201e0 -1.25006e0 1.7359894e1 1.7359894e1
4.5831801e0 -1.25006e0 2.1005539e1 2.1005539e1
4.9998401e0 -1.25006e0 2.4998398e1 2.4998398e1

-5.0e0 -8.334e-1 2.5e1 2.5e1
-4.58334e0 -8.334e-1 2.1007004e1 2.1007004e1
-4.16668e0 -8.334e-1 1.7361221e1 1.7361221e1
-3.75002e0 -8.334e-1 1.4062653e1 1.4062653e1
-3.33336e0 -8.334e-1 1.1111298e1 1.1111298e1
-2.9167e0 -8.334e-1 8.5071426e0 8.5071426e0
-2.50004e0 -8.334e-1 6.2501984e0 6.2501984e0
-2.08338e0 -8.334e-1 4.3404724e0 4.3404724e0
-1.66672e0 -8.334e-1 2.7779572e0 2.7779572e0
-1.25006e0 -8.334e-1 1.5626495e0 1.5626495e0
-8.334e-1 -8.334e-1 6.9455551e-1 6.9455551e-1
-4.1673999e-1 -8.334e-1 1.7367218e-1 1.7367218e-1
-7.999e-5 -8.334e-1 6.3984009e-9 6.3984009e-9
4.1658002e-1 -8.334e-1 1.7353897e-1 1.7353897e-1
8.3324002e-1 -8.334e-1 6.9428894e-1 6.9428894e-1
1.24990002e0 -8.334e-1 1.5622482e0 1.5622482e0
1.66656e0 -8.334e-1 2.7774231e0 2.7774231e0
2.08322e0 -8.334e-1 4.3398056e0 4.3398056e0
2.49988e0 -8.334e-1 6.2493973e0 6.2493973e0
2.91654e0 -8.334e-1 8.5062088e0 8.5062088e0
3.3332e0 -8.334e-1 1.111023e1 1.111023e1
3.7498601e0 -8.334e-1 1.4061447e1 1.4061447e1
4.1665201e0 -8.334e-1 1.7359894e1 1.7359894e1
4.5831801e0 -8.334e-1 2.1005539e1 2.1005539e1
4.9998401e0 -8.334e-1 2.4998398e1 2.4998398e1

-5.0e0 -4.1673999e-1 2.5e1 2.5e1
-4.58334e0 -4.1673999e-1 2.1007004e1 2.1007004e1
-4.16668e0 -4.1673999e-1 1.7361221e1 1.7361221e1
-3.75002e0 -4.1673999e-1 1.4062653e1 1.4062653e1
-3.33336e0 -4.1673999e-1 1.1111298e1 1.1111298e1
-2.9167e0 -4.1673999e-1 8.5071426e0 8.5071426e0
-2.50004e0 -4.1673999e-1 6.2501984e0 6.2501984e0
-2.08338e0 -4.1673999e-1 4.3404724e0 4.3404724e0
-1.66672e0 -4.1673999e-1 2.7779572e0 2.7779572e0
-1.25006e0 -4.1673999e-1 1.5626495e0 1.5626495e0
-8.334e-1 -4.1673999e-1 6.9455551e-1 6.9455551e-1
-4.1673999e-1 -4.1673999e-1 1.7367218e-1 1.7367218e-1
-7.999e-5 -4.1673999e-1 6.3984009e-9 6.3984009e-9
4.1658002e-1 -4.1673999e-1 1.7353897e-1 1.7353897e-1
8.3324002e-1 -4.1673999e-1 6.9428894e-1 6.9428894e-1
1.24990002e0 -4.1673999e-1 1.5622482e0 1.5622482e0
1.66656e0 -4.1673999e-1 2.7774231e0 2.7774231e0
2.08322e0 -4.1673999e-1 4.3398056e0 4.3398056e0
2.49988e0 -4.1673999e-1 6.2493973e0 6.2493973e0
2.91654e0 -4.1673999e-1 8.5062088e0 8.5062088e0
3.3332e0 -4.1673999e-1 1.111023e1 1.111023e1
3.7498601e0 -4.1673999e-1 1.4061447e1 1.4061447e1
4.1665201e0 -4.1673999e-1 1.7359894e1 1.7359894e1
4.5831801e0 -4.1673999e-1 2.1005539e1 2.1005539e1
4.9998401e0 -4.1673999e-1 2.4998398e1 2.4998398e1

-5.0e0 -7.999e-5 2.5e1 2.5e1
-4.58334e0 -7.999e-5 2.1007004e1 2.1007004e1
-4.16668e0 -7.999e-5 1.7361221e1 1.7361221e1
-3.75002e0 -7.999e-5 1.4062653e1 1.4062653e1
-3.33336e0 -7.999e-5 1.1111298e1 1.1111298e1
-2.9167e0 -7.999e-5 8.5071426e0 8.5071426e0
-2.50004e0 -7.999e-5 6.2501984e0 6.2501984e0
-2.08338e0 -7.999e-5 4.3404724e0 4.3404724e0
-1.66672e0 -7.999e-5 2.7779572e0 2.7779572e0
-1.25006e0 -7.999e-5 1.5626495e0 1.5626495e0
-8.334e-1 -7.999e-5 6.9455551e-1 6.9455551e-1
-4.1673999e-1 -7.999e-5 1.7367218e-1 1.7367218e-1
-7.999e-5 -7.999e-5 6.3984009e-9 6.3984009e-9
4.1658002e-1 -7.999e-5 1.7353897e-1 1.7353897e-1
8.3324002e-1 -7.999e-5 6.9428894e-1 6.9428894e-1
1.24990002e0 -7.999e-5 1.5622482e0 1.5622482e0
1.66656e0 -7.999e-5 2.7774231e0 2.7774231e0
2.08322e0 -7.999e-5 4.3398056e0 4.3398056e0
2.49988e0 -7.999e-5 6.2493973e0 6.2493973e0
2.91654e0 -7.999e-5 8.5062088e0 8.5062088e0
3.3332e0 -7.999e-5 1.111023e1 1.111023e1
3.7498601e0 -7.999e-5 1.4061447e1 1.4061447e1
4.1665201e0 -7.999e-5 1.7359894e1 1.7359894e1
4.5831801e0 -7.999e-5 2.1005539e1 2.1005539e1
4.9998401e0 -7.999e-5 2.4998398e1 2.4998398e1

-5.0e0 4.1658002e-1 2.5e1 2.5e1
-4.58334e0 4.1658002e-1 2.1007004e1 2.1007004e1
-4.16668e0 4.1658002e-1 1.7361221e1 1.7361221e1
-3.75002e0 4.1658002e-1 1.4062653e1 1.4062653e1
-3.33336e0 4.1658002e-1 1.1111298e1 1.1111298e1
-2.9167e0 4.1658002e-1 8.5071426e0 8.5071426e0
-2.50004e0 4.1658002e-1 6.2501984e0 6.2501984e0
-2.08338e0 4.1658002e-1 4.3404724e0 4.3404724e0
-1.66672e0 4.1658002e-1 2.7779572e0 2.7779572e0
-1.25006e0 4.1658002e-1 1.5626495e0 1.5626495e0
-8.334e-1 4.1658002e-1 6.9455551e-1 6.9455551e-1
-4.1673999e-1 4.1658002e-1 1.7367218e-1 1.7367218e-1
-7.999e-5 4.1658002e-1 6.3984009e-9 6.3984009e-9
4.1658002e-1 4.1658002e-1 1.7353897e-1 1.7353897e-1
8.3324002e-1 4.1658002e-1 6.9428894e-1 6.9428894e-1
1.24990002e0 4.1658002e-1 1.5622482e0 1.5622482e0
1.66656e0 4.1658002e-1 2.7774231e0 2.7774231e0
2.08322e0 4.1658002e-1 4.3398056e0 4.3398056e0
2.49988e0 4.1658002e-1 6.2493973e0 6.2493973e0
2.91654e0 4.1658002e-1 8.5062088e0 8.5062088e0
3.3332e0 4.1658002e-1 1.111023e1 1.111023e1
3.7498601e0 4.1658002e-1 1.4061447e1 1.4061447e1
4.1665201e0 4.1658002e-1 1.7359894e1 1.7359894e1
4.5831801e0 4.1658002e-1 2.1005539e1 2.1005539e1
4.9998401e0 4.1658002e-1 2.4998398e1 2.4998398e1

-5.0e0 8.3324002e-1 2.5e1 2.5e1
-4.58334e0 8.3324002e-1 2.1007004e1 2.1007004e1
-4.16668e0 8.3324002e-1 1.7361221e1 1.7361221e1
-3.75002e0 8.3324002e-1 1.4062653e1 1.4062653e1
-3.33336e0 8.3324002e-1 1.1111298e1 1.1111298e1
-2.9167e0 8.3324002e-1 8.5071426e0 8.5071426e0
-2.50004e0 8.3324002e-1 6.2501984e0 6.2501984e0
-2.08338e0 8.3324002e-1 4.3404724e0 4.3404724e0
-1.66672e0 8.3324002e-1 2.7779572e0 2.7779572e0
-1.25006e0 8.3324002e-1 1.5626495e0 1.5626495e0
-8.334e-1 8.3324002e-1 6.9455551e-1 6.9455551e-1
-4.1673999e-1 8.3324002e-1 1.7367218e-1 1.7367218e-1
-7.999e-5 8.3324002e-1 6.3984009e-9 6.3984009e-9
4.1658002e-1 8.3324002e-1 1.7353897e-1 1.7353897e-1
8.3324002e-1 8.3324002e-1 6.9428894e-1 6.9428894e-1
1.24990002e0 8.3324002e-1 1.5622482e0 1.5622482e0
1.66656e0 8.3324002e-1 2.7774231e0 2.7774231e0
2.08322e0 8.3324002e-1 4.3398056e0 4.3398056e0
2.49988e0 8.3324002e-1 6.2493973e0 6.2493973e0
2.91654e0 8.3324002e-1 8.5062088e0 8.5062088e0
3.3332e0 8.3324002e-1 1.111023e1 1.111023e1
3.7498601e0 8.3324002e-1 1.4061447e1 1.4061447e1
4.1665201e0 8.3324002e-1 1.7359894e1 1.7359894e1
4.5831801e0 8.3324002e-1 2.1005539e1 2.1005539e1
4.9998401e0 8.3324002e-1 2.4998398e1 2.4998398e1

-5.0e0 1.24990002e0 2.5e1 2.5e1
-4.58334e0 1.24990002e0 2.1007004e1 2.1007004e1
-4.16668e0 1.24990002e0 1.7361221e1 1.7361221e1
-3.75002e0 1.24990002e0 1.4062653e1 1.4062653e1
-3.33336e0 1.24990002e0 1.1111298e1 1.1111298e1
-2.9167e0 1.24990002e0 8.5071426e0 8.5071426e0
-2.50004e0 1.24990002e0 6.2501984e0 6.2501984e0
-2.08338e0 1.24990002e0 4.3404724e0 4.3404724e0
-1.66672e0 1.24990002e0 2.7779572e0 2.7779572e0
-1.25006e0 1.24990002e0 1.5626495e0 1.5626495e0
-8.334e-1 1.24990002e0 6.9455551e-1 6.9455551e-1
-4.1673999e-1 1.24990002e0 1.7367218e-1 1.7367218e-1
-7.999e-5 1.24990002e0 6.3984009e-9 6.3984009e-9
4.1658002e-1 1.24990002e0 1.7353897e-1 1.7353897e-1
8.3324002e-1 1.24990002e0 6.9428894e-1 6.9428894e-1
1.24990002e0 1.24990002e0 1.5622482e0 1.5622482e0
1.66656e0 1.24990002e0 2.7774231e0 2.7774231e0
2.08322e0 1.24990002e0 4.3398056e0 4.3398056e0
2.49988e0 1.24990002e0 6.2493973e0 6.2493973e0
2.91654e0 1.24990002e0 8.5062088e0 8.5062088e0
3.3332e0 1.24990002e0 1.111023e1 1.111023e1
3.7498601e0 1.24990002e0 1.4061447e1 1.4061447e1
4.1665201e0 1.24990002e0 1.7359894e1 1.7359894e1
4.5831801e0 1.24990002e0 2.1005539e1 2.1005539e1
4.9998401e0 1.24990002e0 2.4998398e1 2.4998398e1

-5.0e0 1.66656e0 2.5e1 2.5e1
-4.58334e0 1.66656e0 2.1007004e1 2.1007004e1
-4.16668e0 1.66656e0 1.7361221e1 1.7361221e1
-3.75002e0 1.66656e0 1.4062653e1 1.4062653e1
-3.33336e0 1.66656e0 1.1111298e1 1.1111298e1
-2.9167e0 1.66656e0 8.5071426e0 8.5071426e0
-2.50004e0 1.66656e0 6.2501984e0 6.2501984e0
-2.08338e0 1.66656e0 4.3404724e0 4.3404724e0
-1.66672e0 1.66656e0 2.7779572e0 2.7779572e0
-1.25006e0 1.66656e0 1.5626495e0 1.5626495e0
-8.334e-1 1.66656e0 6.9455551e-1 6.9455551e-1
-4.1673999e-1 1.66656e0 1.7367218e-1 1.7367218e-1
-7.999e-5 1.66656e0 6.3984009e-9 6.3984009e-9
4.1658002e-1 1.66656e0 1.7353897e-1 1.7353897e-1
8.3324002e-1 1.66656e0 6.9428894e-1 6.9428894e-1
1.24990002e0 1.66656e0 1.5622482e0 1.5622482e0
1.66656e0 1.66656e0 2.7774231e0 2.7774231e0
2.08322e0 1.66656e0 4.3398056e0 4.3398056e0
2.49988e0 1.66656e0 6.2493973e0 6.2493973e0
2.91654e0 1.66656e0 8.5062088e0 8.5062088e0
3.3332e0 1.66656e0 1.111023e1 1.111023e1
3.7498601e0 1.66656e0 1.4061447e1 1.4061447e1
4.1665201e0 1.66656e0 1.7359894e1 1.7359894e1
4.5831801e0 1.66656e0 2.1005539e1 2.1005539e1
4.9998401e0 1.66656e0 2.4998398e1 2.4998398e1

-5.0e0 2.08322e0 2.5e1 2.5e1
-4.58334e0 2.08322e0 2.1007004e1 2.1007004e1
-4.16668e0 2.08322e0 1.7361221e1 1.7361221e1
-3.75002e0 2.08322e0 1.4062653e1 1.4062653e1
-3.33336e0 2.08322e0 1.1111298e1 1.1111298e1
-2.9167e0 2.08322e0 8.5071426e0 8.5071426e0
-2.50004e0 2.08322e0 6.2501984e0 6.2501984e0
-2.08338e0 2.08322e0 4.3404724e0 4.3404724e0
-1.66672e0 2.08322e0 2.7779572e0 2.7779572e0
-1.25006e0 2.08322e0 1.5626495e0 1.5626495e0
-8.334e-1 2.08322e0 6.9455551e-1 6.9455551e-1
-4.1673999e-1 2.08322e0 1.7367218e-1 1.7367218e-1
-7.999e-5 2.08322e0 6.3984009e-9 6.3984009e-9
4.1658002e-1 2.08322e0 1.7353897e-1 1.7353897e-1
8.3324002e-1 2.08322e0 6.9428894e-1 6.9428894e-1
1.24990002e0 2.08322e0 1.5622482e0 1.5622482e0
1.66656e0 2.08322e0 2.7774231e0 2.7774231e0
2.08322e0 2.08322e0 4.3398056e0 4.3398056e0
2.49988e0 2.08322e0 6.2493973e0 6.2493973e0
2.91654e0 2.08322e0 8.5062088e0 8.5062088e0
3.3332e0 2.08322e0 1.111023e1 1.111023e1
3.7498601e0 2.08322e0 1.4061447e1 1.4061447e1
4.1665201e0 2.08322e0 1.7359894e1 1.7359894e1
4.5831801e0 2.08322e0 2.1005539e1 2.1005539e1
4.9998401e0 2.08322e0 2.4998398e1 2.4998398e1

-5.0e0 2.49988e0 2.5e1 2.5e1
-4.58334e0 2.49988e0 2.1007004e1 2.1007004e1
-4.16668e0 2.49988e0 1.7361221e1 1.7361221e1
-3.75002e0 2.49988e0 1.4062653e1 1.4062653e1
-3.33336e0 2.49988e0 1.1111298e1 1.1111298e1
-2.9167e0 2.49988e0 8.5071426e0 8.5071426e0
-2.50004e0 2.49988e0 6.2501984e0 6.2501984e0
-2.08338e0 2.49988e0 4.3404724e0 4.3404724e0
-1.66672e0 2.49988e0 2.7779572e0 2.7779572e0
-1.25006e0 2.49988e0 1.5626495e0 1.5626495e0
-8.334e-1 2.49988e0 6.9455551e-1 6.9455551e-1
-4.1673999e-1 2.49988e0 1.7367218e-1 1.7367218e-1
-7.999e-5 2.49988e0 6.3984009e-9 6.3984009e-9
4.1658002e-1 2.49988e0 1.7353897e-1 1.7353897e-1
8.3324002e-1 2.49988e0 6.9428894e-1 6.9428894e-1
1.24990002e0 2.49988e0 1.5622482e0 1.5622482e0
1.66656e0 2.49988e0 2.7774231e0 2.7774231e0
2.08322e0 2.49988e0 4.3398056e0 4.3398056e0
2.49988e0 2.49988e0 6.2493973e0 6.2493973e0
2.91654e0 2.49988e0 8.5062088e0 8.5062088e0
3.3332e0 2.49988e0 1.111023e1 1.111023e1
3.7498601e0 2.49988e0 1.4061447e1 1.4061447e1
4.1665201e0 2.49988e0 1.7359894e1 1.7359894e1
4.5831801e0 2.49988e0 2.1005539e1 2.1005539e1
4.9998401e0 2.49988e0 2.4998398e1 2.4998398e1

-5.0e0 2.91654e0 2.5e1 2.5e1
-4.58334e0 2.91654e0 2.1007004e1 2.1007004e1
-4.16668e0 2.91654e0 1.7361221e1 1.7361221e1
-3.75002e0 2.91654e0 1.4062653e1 1.4062653e1
-3.33336e0 2.91654e0 1.1111298e1 1.1111298e1
-2.9167e0 2.91654e0 8.5071426e0 8.5071426e0
-2.50004e0 2.91654e0 6.2501984e0 6.2501984e0
-2.08338e0 2.91654e0 4.3404724e0 4.3404724e0
-1.66672e0 2.91654e0 2.7779572e0 2.7779572e0
-1.25006e0 2.91654e0 1.5626495e0 1.5626495e0
-8.334e-1 2.91654e0 6.9455551e-1 6.9455551e-1
-4.1673999e-1 2.91654e0 1.7367218e-1 1.7367218e-1
-7.999e-5 2.91654e0 6.3984009e-9 6.3984009e-9
4.1658002e-1 2.91654e0 1.7353897e-1 1.7353897e-1
8.3324002e-1 2.91654e0 6.9428894e-1 6.9428894e-1
1.24990002e0 2.91654e0 1.5622482e0 1.5622482e0
1.66656e0 2.91654e0 2.7774231e0 2.7774231e0
2.08322e0 2.91654e0 4.3398056e0 4.3398056e0
2.49988e0 2.91654e0 6.2493973e0 6.2493973e0
2.91654e0 2.91654e0 8.5062088e0 8.5062088e0
3.3332e0 2.91654e0 1.111023e1 1.111023e1
3.7498601e0 2.91654e0 1.4061447e1 1.4061447e1
4.1665201e0 2.91654e0 1.7359894e1 1.7359894e1
4.5831801e0 2.91654e0 2.1005539e1 2.1005539e1
4.9998401e0 2.91654e0 2.4998398e1 2.4998398e1

-5.0e0 3.3332e0 2.5e1 2.5e1
-4.58334e0 3.3332e0 2.1007004e1 2.1007004e1
-4.16668e0 3.3332e0 1.7361221e1 1.7361221e1
-3.75002e0 3.3332e0 1.4062653e1 1.4062653e1
-3.33336e0 3.3332e0 1.1111298e1 1.1111298e1
-2.9167e0 3.3332e0 8.5071426e0 8.5071426e0
-2.50004e0 3.3332e0 6.2501984e0 6.2501984e0
-2.08338e0 3.3332e0 4.3404724e0 4.3404724e0
-1.66672e0 3.3332e0 2.7779572e0 2.7779572e0
-1.25006e0 3.3332e0 1.5626495e0 1.5626495e0
-8.334e-1 3.3332e0 6.9455551e-1 6.9455551e-1
-4.1673999e-1 3.3332e0 1.7367218e-1 1.7367218e-1
-7.999e-5 3.3332e0 6.3984009e-9 6.3984009e-9
4.1658002e-1 3.3332e0 1.7353897e-1 1.7353897e-1
8.3324002e-1 3.3332e0 6.9428894e-1 6.9428894e-1
1.24990002e0 3.3332e0 1.5622482e0 1.5622482e0
1.66656e0 3.3332e0 2.7774231e0 2.7774231e0
2.08322e0 3.3332e0 4.3398056e0 4.3398056e0
2.49988e0 3.3332e0 6.2493973e0 6.2493973e0
2.91654e0 3.3332e0 8.5062088e0 8.5062088e0
3.3332e0 3.3332e0 1.111023e1 1.111023e1
3.7498601e0 3.3332e0 1.4061447e1 1.4061447e1
4.1665201e0 3.3332e0 1.7359894e1 1.7359894e1
4.5831801e0 3.3332e0 2.1005539e1 2.1005539e1
4.9998401e0 3.3332e0 2.4998398e1 2.4998398e1

-5.0e0 3.7498601e0 2.5e1 2.5e1
-4.58334e0 3.7498601e0 2.1007004e1 2.1007004e1
-4.16668e0 3.7498601e0 1.7361221e1 1.7361221e1
-3.75002e0 3.7498601e0 1.4062653e1 1.4062653e1
-3.33336e0 3.7498601e0 1.1111298e1 1.1111298e1
-2.9167e0 3.7498601e0 8.5071426e0 8.5071426e0
-2.50004e0 3.7498601e0 6.2501984e0 6.2501984e0
-2.08338e0 3.7498601e0 4.3404724e0 4.3404724e0
-1.66672e0 3.7498601e0 2.7779572e0 2.7779572e0
-1.25006e0 3.7498601e0 1.5626495e0 1.5626495e0
-8.334e-1 3.7498601e0 6.9455551e-1 6.9455551e-1
-4.1673999e-1 3.7498601e0 1.7367218e-1 1.7367218e-1
-7.999e-5 3.7498601e0 6.3984009e-9 6.3984009e-9
4.1658002e-1 3.7498601e0 1.7353897e-1 1.7353897e-1
8.3324002e-1 3.7498601e0 6.9428894e-1 6.9428894e-1
1.24990002e0 3.7498601e0 1.5622482e0 1.5622482e0
1.66656e0 3.7498601e0 2.7774231e0 2.7774231e0
2.08322e0 3.7498601e0 4.3398056e0 4.3398056e0
2.49988e0 3.7498601e0 6.2493973e0 6.2493973e0
2.91654e0 3.7498601e0 8.5062088e0 8.5062088e0
3.3332e0 3.7498601e0 1.111023e1 1.111023e1
3.7498601e0 3.7498601e0 1.4061447e1 1.4061447e1
4.1665201e0 3.7498601e0 1.7359894e1 1.7359894e1
4.5831801e0 3.7498601e0 2.1005539e1 2.1005539e1
4.9998401e0 3.7498601e0 2.4998398e1 2.4998398e1

-5.0e0 4.1665201e0 2.5e1 2.5e1
-4.58334e0 4.1665201e0 2.1007004e1 2.1007004e1
-4.16668e0 4.1665201e0 1.7361221e1 1.7361221e1
-3.75002e0 4.1665201e0 1.4062653e1 1.4062653e1
-3.33336e0 4.1665201e0 1.1111298e1 1.1111298e1
-2.9167e0 4.1665201e0 8.5071426e0 8.5071426e0
-2.50004e0 4.1665201e0 6.2501984e0 6.2501984e0
-2.08338e0 4.1665201e0 4.3404724e0 4.3404724e0
-1.66672e0 4.1665201e0 2.7779572e0 2.7779572e0
-1.25006e0 4.1665201e0 1.5626495e0 1.5626495e0
-8.334e-1 4.1665201e0 6.9455551e-1 6.9455551e-1
-4.1673999e-1 4.1665201e0 1.7367218e-1 1.7367218e-1
-7.999e-5 4.1665201e0 6.3984009e-9 6.3984009e-9
4.1658002e-1 4.1665201e0 1.7353897e-1 1.7353897e-1
8.3324002e-1 4.1665201e0 6.9428894e-1 6.9428894e-1
1.24990002e0 4.1665201e0 1.5622482e0 1.5622482e0
1.66656e0 4.1665201e0 2.7774231e0 2.7774231e0
2.08322e0 4.1665201e0 4.3398056e0 4.3398056e0
2.49988e0 4.1665201e0 6.2493973e0 6.2493973e0
2.91654e0 4.1665201e0 8.5062088e0 8.5062088e0
3.3332e0 4.1665201e0 1.111023e1 1.111023e1
3.7498601e0 4.1665201e0 1.4061447e1 1.4061447e1
4.1665201e0 4.1665201e0 1.7359894e1 1.7359894e1
4.5831801e0 4.1665201e0 2.1005539e1 2.1005539e1
4.9998401e0 4.1665201e0 2.4998398e1 2.4998398e1

-5.0e0 4.5831801e0 2.5e1 2.5e1
-4.58334e0 4.5831801e0 2.1007004e1 2.1007004e1
-4.16668e0 4.5831801e0 1.7361221e1 1.7361221e1
-3.75002e0 4.5831801e0 1.4062653e1 1.4062653e1
-3.33336e0 4.5831801e0 1.1111298e1 1.1111298e1
-2.9167e0 4.5831801e0 8.5071426e0 8.5071426e0
-2.50004e0 4.5831801e0 6.2501984e0 6.2501984e0
-2.08338e0 4.5831801e0 4.3404724e0 4.3404724e0
-1.66672e0 4.5831801e0 2.7779572e0 2.7779572e0
-1.25006e0 4.5831801e0 1.5626495e0 1.5626495e0
-8.334e-1 4.5831801e0 6.9455551e-1 6.9455551e-1
-4.1673999e-1 4.5831801e0 1.7367218e-1 1.7367218e-1
-7.999e-5 4.5831801e0 6.3984009e-9 6.3984009e-9
4.1658002e-1 4.5831801e0 1.7353897e-1 1.7353897e-1
8.3324002e-1 4.5831801e0 6.9428894e-1 6.9428894e-1
1.24990002e0 4.5831801e0 1.5622482e0 1.5622482e0
1.66656e0 4.5831801e0 2.7774231e0 2.7774231e0
2.08322e0 4.5831801e0 4.3398056e0 4.3398056e0
2.49988e0 4.5831801e0 6.2493973e0 6.2493973e0
2.91654e0 4.5831801e0 8.5062088e0 8.5062088e0
3.3332e0 4.5831801e0 1.111023e1 1.111023e1
3.7498601e0 4.5831801e0 1.4061447e1 1.4061447e1
4.1665201e0 4.5831801e0 1.7359894e1 1.7359894e1
4.5831801e0 4.5831801e0 2.1005539e1 2.1005539e1
4.9998401e0 4.5831801e0 2.4998398e1 2.4998398e1

-5.0e0 4.9998401e0 2.5e1 2.5e1
-4.58334e0 4.9998401e0 2.1007004e1 2.1007004e1
-4.16668e0 4.9998401e0 1.7361221e1 1.7361221e1
-3.75002e0 4.9998401e0 1.4062653e1 1.4062653e1
-3.33336e0 4.9998401e0 1.1111298e1 1.1111298e1
-2.9167e0 4.9998401e0 8.5071426e0 8.5071426e0
-2.50004e0 4.9998401e0 6.2501984e0 6.2501984e0
-2.08338e0 4.9998401e0 4.3404724e0 4.3404724e0
-1.66672e0 4.9998401e0 2.7779572e0 2.7779572e0
-1.25006e0 4.9998401e0 1.5626495e0 1.5626495e0
-8.334e-1 4.9998401e0 6.9455551e-1 6.9455551e-1
-4.1673999e-1 4.9998401e0 1.7367218e-1 1.7367218e-1
-7.999e-5 4.9998401e0 6.3984009e-9 6.3984009e-9
4.1658002e-1 4.9998401e0 1.7353897e-1 1.7353897e-1
8.3324002e-1 4.9998401e0 6.9428894e-1 6.9428894e-1
1.24990002e0 4.9998401e0 1.5622482e0 1.5622482e0
1.66656e0 4.9998401e0 2.7774231e0 2.7774231e0
2.08322e0 4.9998401e0 4.3398056e0 4.3398056e0
2.49988e0 4.9998401e0 6.2493973e0 6.2493973e0
2.91654e0 4.9998401e0 8.5062088e0 8.5062088e0
3.3332e0 4.9998401e0 1.111023e1 1.111023e1
3.7498601e0 4.9998401e0 1.4061447e1 1.4061447e1
4.1665201e0 4.9998401e0 1.7359894e1 1.7359894e1
4.5831801e0 4.9998401e0 2.1005539e1 2.1005539e1
4.9998401e0 4.9998401e0 2.4998398e1 2.4998398e1
