-5.0e0 -5.0e0 3.12999e2 3.12999e2
-4.58334e0 -5.0e0 2.99007e2 2.99007e2
-4.16668e0 -5.0e0 2.8536e2 2.8536e2
-3.75002e0 -5.0e0 2.72063e2 2.72063e2
-3.33336e0 -5.0e0 2.59111e2 2.59111e2
-2.9167e0 -5.0e0 2.46507e2 2.46507e2
-2.50004e0 -5.0e0 2.3425e2 2.3425e2
-2.08338e0 -5.0e0 2.2234e2 2.2234e2
-1.66672e0 -5.0e0 2.10779e2 2.10779e2
-1.25006e0 -5.0e0 1.99564e2 1.99564e2
-8.334e-1 -5.0e0 1.88695e2 1.88695e2
-4.1673999e-1 -5.0e0 1.78175e2 1.78175e2
-7.999e-5 -5.0e0 1.68001e2 1.68001e2
4.1658002e-1 -5.0e0 1.58174e2 1.58174e2
8.3324002e-1 -5.0e0 1.48695e2 1.48695e2
1.24990002e0 -5.0e0 1.39565e2 1.39565e2
1.66656e0 -5.0e0 1.30779e2 1.30779e2
2.08322e0 -5.0e0 1.22342e2 1.22342e2
2.49988e0 -5.0e0 1.14252e2 1.14252e2
2.91654e0 -5.0e0 1.06508e2 1.06508e2
3.3332e0 -5.0e0 9.9112e1 9.9112e1
3.7498601e0 -5.0e0 9.2064e1 9.2064e1
4.1665201e0 -5.0e0 8.5362e1 8.5362e1
4.5831801e0 -5.0e0 7.9008e1 7.9008e1
4.9998401e0 -5.0e0 7.3001e1 7.3001e1

-5.0e0 -4.58334e0 2.82143e2 2.82143e2
-4.58334e0 -4.58334e0 2.68845e2 2.68845e2
-4.16668e0 -4.58334e0 2.55893e2 2.55893e2
-3.75002e0 -4.58334e0 2.43289e2 2.43289e2
-3.33336e0 -4.58334e0 2.31033e2 2.31033e2
-2.9167e0 -4.58334e0 2.19124e2 2.19124e2
-2.50004e0 -4.58334e0 2.0756e2 2.0756e2
-2.08338e0 -4.58334e0 1.96346e2 1.96346e2
-1.66672e0 -4.58334e0 1.85478e2 1.85478e2
-1.25006e0 -4.58334e0 1.74957e2 1.74957e2
-8.334e-1 -4.58334e0 1.64784e2 1.64784e2
-4.1673999e-1 -4.58334e0 1.54958e2 1.54958e2
-7.999e-5 -4.58334e0 1.45479e2 1.45479e2
4.1658002e-1 -4.58334e0 1.36346e2 1.36346e2
8.3324002e-1 -4.58334e0 1.27562e2 1.27562e2
1.24990002e0 -4.58334e0 1.19124e2 1.19124e2
1.66656e0 -4.58334e0 1.11034e2 1.11034e2
2.08322e0 -4.58334e0 1.03291e2 1.03291e2
2.49988e0 -4.58334e0 9.5895e1 9.5895e1
2.91654e0 -4.58334e0 8.8846e1 8.8846e1
3.3332e0 -4.58334e0 8.2146e1 8.2146e1
3.7498601e0 -4.58334e0 7.579e1 7.579e1
4.1665201e0 -4.58334e0 6.9785e1 6.9785e1
4.5831801e0 -4.58334e0 6.4124e1 6.4124e1
4.9998401e0 -4.58334e0 5.8812e1 5.8812e1

-5.0e0 -4.16668e0 2.52907e2 2.52907e2
-4.58334e0 -4.16668e0 2.40303e2 2.40303e2
-4.16668e0 -4.16668e0 2.28047e2 2.28047e2
-3.75002e0 -4.16668e0 2.16138e2 2.16138e2
-3.33336e0 -4.16668e0 2.04575e2 2.04575e2
-2.9167e0 -4.16668e0 1.9336e2 1.9336e2
-2.50004e0 -4.16668e0 1.82492e2 1.82492e2
-2.08338e0 -4.16668e0 1.71971e2 1.71971e2
-1.66672e0 -4.16668e0 1.61798e2 1.61798e2
-1.25006e0 -4.16668e0 1.51971e2 1.51971e2
-8.334e-1 -4.16668e0 1.42493e2 1.42493e2
-4.1673999e-1 -4.16668e0 1.3336e2 1.3336e2
-7.999e-5 -4.16668e0 1.24576e2 1.24576e2
4.1658002e-1 -4.16668e0 1.16138e2 1.16138e2
8.3324002e-1 -4.16668e0 1.08047e2 1.08047e2
1.24990002e0 -4.16668e0 1.00305e2 1.00305e2
1.66656e0 -4.16668e0 9.291e1 9.291e1
2.08322e0 -4.16668e0 8.5861e1 8.5861e1
2.49988e0 -4.16668e0 7.916e1 7.916e1
2.91654e0 -4.16668e0 7.2804e1 7.2804e1
3.3332e0 -4.16668e0 6.6798e1 6.6798e1
3.7498601e0 -4.16668e0 6.1137e1 6.1137e1
4.1665201e0 -4.16668e0 5.5826e1 5.5826e1
4.5831801e0 -4.16668e0 5.086e1 5.086e1
4.9998401e0 -4.16668e0 4.6242e1 4.6242e1

-5.0e0 -3.75002e0 2.25293e2 2.25293e2
-4.58334e0 -3.75002e0 2.13382e2 2.13382e2
-4.16668e0 -3.75002e0 2.0182e2 2.0182e2
-3.75002e0 -3.75002e0 1.90605e2 1.90605e2
-3.33336e0 -3.75002e0 1.79738e2 1.79738e2
-2.9167e0 -3.75002e0 1.69217e2 1.69217e2
-2.50004e0 -3.75002e0 1.59042e2 1.59042e2
-2.08338e0 -3.75002e0 1.49217e2 1.49217e2
-1.66672e0 -3.75002e0 1.39737e2 1.39737e2
-1.25006e0 -3.75002e0 1.30606e2 1.30606e2
-8.334e-1 -3.75002e0 1.21822e2 1.21822e2
-4.1673999e-1 -3.75002e0 1.13383e2 1.13383e2
-7.999e-5 -3.75002e0 1.05293e2 1.05293e2
4.1658002e-1 -3.75002e0 9.7551e1 9.7551e1
8.3324002e-1 -3.75002e0 9.0155e1 9.0155e1
1.24990002e0 -3.75002e0 8.3105e1 8.3105e1
1.66656e0 -3.75002e0 7.6404e1 7.6404e1
2.08322e0 -3.75002e0 7.005e1 7.005e1
2.49988e0 -3.75002e0 6.4043e1 6.4043e1
2.91654e0 -3.75002e0 5.8383e1 5.8383e1
3.3332e0 -3.75002e0 5.3072e1 5.3072e1
3.7498601e0 -3.75002e0 4.8106e1 4.8106e1
4.1665201e0 -3.75002e0 4.3488e1 4.3488e1
4.5831801e0 -3.75002e0 3.9217e1 3.9217e1
4.9998401e0 -3.75002e0 3.5294e1 3.5294e1

-5.0e0 -3.33336e0 1.99297e2 1.99297e2
-4.58334e0 -3.33336e0 1.88081e2 1.88081e2
-4.16668e0 -3.33336e0 1.77214e2 1.77214e2
-3.75002e0 -3.33336e0 1.66693e2 1.66693e2
-3.33336e0 -3.33336e0 1.5652e2 1.5652e2
-2.9167e0 -3.33336e0 1.46693e2 1.46693e2
-2.50004e0 -3.33336e0 1.37215e2 1.37215e2
-2.08338e0 -3.33336e0 1.28082e2 1.28082e2
-1.66672e0 -3.33336e0 1.19298e2 1.19298e2
-1.25006e0 -3.33336e0 1.10861e2 1.10861e2
-8.334e-1 -3.33336e0 1.02771e2 1.02771e2
-4.1673999e-1 -3.33336e0 9.5027e1 9.5027e1
-7.999e-5 -3.33336e0 8.7631e1 8.7631e1
4.1658002e-1 -3.33336e0 8.0583e1 8.0583e1
8.3324002e-1 -3.33336e0 7.3882e1 7.3882e1
1.24990002e0 -3.33336e0 6.7528e1 6.7528e1
1.66656e0 -3.33336e0 6.152e1 6.152e1
2.08322e0 -3.33336e0 5.5861e1 5.5861e1
2.49988e0 -3.33336e0 5.0548e1 5.0548e1
2.91654e0 -3.33336e0 4.5583e1 4.5583e1
3.3332e0 -3.33336e0 4.0964e1 4.0964e1
3.7498601e0 -3.33336e0 3.6693e1 3.6693e1
4.1665201e0 -3.33336e0 3.27704e1 3.27704e1
4.5831801e0 -3.33336e0 2.91939e1 2.91939e1
4.9998401e0 -3.33336e0 2.59647e1 2.59647e1

-5.0e0 -2.9167e0 1.74922e2 1.74922e2
-4.58334e0 -2.9167e0 1.64401e2 1.64401e2
-4.16668e0 -2.9167e0 1.54228e2 1.54228e2
-3.75002e0 -2.9167e0 1.44402e2 1.44402e2
-3.33336e0 -2.9167e0 1.34923e2 1.34923e2
-2.9167e0 -2.9167e0 1.2579e2 1.2579e2
-2.50004e0 -2.9167e0 1.17006e2 1.17006e2
-2.08338e0 -2.9167e0 1.0857e2 1.0857e2
-1.66672e0 -2.9167e0 1.00479e2 1.00479e2
-1.25006e0 -2.9167e0 9.2735e1 9.2735e1
-8.334e-1 -2.9167e0 8.534e1 8.534e1
-4.1673999e-1 -2.9167e0 7.8291e1 7.8291e1
-7.999e-5 -2.9167e0 7.159e1 7.159e1
4.1658002e-1 -2.9167e0 6.5236e1 6.5236e1
8.3324002e-1 -2.9167e0 5.9229e1 5.9229e1
1.24990002e0 -2.9167e0 5.3569e1 5.3569e1
1.66656e0 -2.9167e0 4.8256e1 4.8256e1
2.08322e0 -2.9167e0 4.329e1 4.329e1
2.49988e0 -2.9167e0 3.8673e1 3.8673e1
2.91654e0 -2.9167e0 3.4402e1 3.4402e1
3.3332e0 -2.9167e0 3.04788e1 3.04788e1
3.7498601e0 -2.9167e0 2.69023e1 2.69023e1
4.1665201e0 -2.9167e0 2.3673e1 2.3673e1
4.5831801e0 -2.9167e0 2.07909e1 2.07909e1
4.9998401e0 -2.9167e0 1.8256e1 1.8256e1

-5.0e0 -2.50004e0 1.52168e2 1.52168e2
-4.58334e0 -2.50004e0 1.42342e2 1.42342e2
-4.16668e0 -2.50004e0 1.32863e2 1.32863e2
-3.75002e0 -2.50004e0 1.2373e2 1.2373e2
-3.33336e0 -2.50004e0 1.14946e2 1.14946e2
-2.9167e0 -2.50004e0 1.06508e2 1.06508e2
-2.50004e0 -2.50004e0 9.8418e1 9.8418e1
-2.08338e0 -2.50004e0 9.0675e1 9.0675e1
-1.66672e0 -2.50004e0 8.328e1 8.328e1
-1.25006e0 -2.50004e0 7.6231e1 7.6231e1
-8.334e-1 -2.50004e0 6.953e1 6.953e1
-4.1673999e-1 -2.50004e0 6.3176e1 6.3176e1
-7.999e-5 -2.50004e0 5.7169e1 5.7169e1
4.1658002e-1 -2.50004e0 5.1509e1 5.1509e1
8.3324002e-1 -2.50004e0 4.6196e1 4.6196e1
1.24990002e0 -2.50004e0 4.1231e1 4.1231e1
1.66656e0 -2.50004e0 3.6612e1 3.6612e1
2.08322e0 -2.50004e0 3.23422e1 3.23422e1
2.49988e0 -2.50004e0 2.84186e1 2.84186e1
2.91654e0 -2.50004e0 2.4842e1 2.4842e1
3.3332e0 -2.50004e0 2.16129e1 2.16129e1
3.7498601e0 -2.50004e0 1.87308e1 1.87308e1
4.1665201e0 -2.50004e0 1.61958e1 1.61958e1
4.5831801e0 -2.50004e0 1.40082e1 1.40082e1
4.9998401e0 -2.50004e0 1.21677e1 1.21677e1

-5.0e0 -2.08338e0 1.31033e2 1.31033e2
-4.58334e0 -2.08338e0 1.21902e2 1.21902e2
-4.16668e0 -2.08338e0 1.13118e2 1.13118e2
-3.75002e0 -2.08338e0 1.0468e2 1.0468e2
-3.33336e0 -2.08338e0 9.659e1 9.659e1
-2.9167e0 -2.08338e0 8.8847e1 8.8847e1
-2.50004e0 -2.08338e0 8.1451e1 8.1451e1
-2.08338e0 -2.08338e0 7.4402e1 7.4402e1
-1.66672e0 -2.08338e0 6.77e1 6.77e1
-1.25006e0 -2.08338e0 6.1346e1 6.1346e1
-8.334e-1 -2.08338e0 5.5339e1 5.5339e1
-4.1673999e-1 -2.08338e0 4.968e1 4.968e1
-7.999e-5 -2.08338e0 4.4368e1 4.4368e1
4.1658002e-1 -2.08338e0 3.9401e1 3.9401e1
8.3324002e-1 -2.08338e0 3.4784e1 3.4784e1
1.24990002e0 -2.08338e0 3.05136e1 3.05136e1
1.66656e0 -2.08338e0 2.65898e1 2.65898e1
2.08322e0 -2.08338e0 2.30135e1 2.30135e1
2.49988e0 -2.08338e0 1.97841e1 1.97841e1
2.91654e0 -2.08338e0 1.6902e1 1.6902e1
3.3332e0 -2.08338e0 1.43672e1 1.43672e1
3.7498601e0 -2.08338e0 1.21796e1 1.21796e1
4.1665201e0 -2.08338e0 1.0339e1 1.0339e1
4.5831801e0 -2.08338e0 8.8458e0 8.8458e0
4.9998401e0 -2.08338e0 7.6997e0 7.6997e0

-5.0e0 -1.66672e0 1.1152e2 1.1152e2
-4.58334e0 -1.66672e0 1.03082e2 1.03082e2
-4.16668e0 -1.66672e0 9.4992e1 9.4992e1
-3.75002e0 -1.66672e0 8.725e1 8.725e1
-3.33336e0 -1.66672e0 7.9854e1 7.9854e1
-2.9167e0 -1.66672e0 7.2806e1 7.2806e1
-2.50004e0 -1.66672e0 6.6104e1 6.6104e1
-2.08338e0 -1.66672e0 5.9749e1 5.9749e1
-1.66672e0 -1.66672e0 5.3743e1 5.3743e1
-1.25006e0 -1.66672e0 4.8082e1 4.8082e1
-8.334e-1 -1.66672e0 4.277e1 4.277e1
-4.1673999e-1 -1.66672e0 3.7805e1 3.7805e1
-7.999e-5 -1.66672e0 3.31873e1 3.31873e1
4.1658002e-1 -1.66672e0 2.89163e1 2.89163e1
8.3324002e-1 -1.66672e0 2.49927e1 2.49927e1
1.24990002e0 -1.66672e0 2.14162e1 2.14162e1
1.66656e0 -1.66672e0 1.8187e1 1.8187e1
2.08322e0 -1.66672e0 1.53047e1 1.53047e1
2.49988e0 -1.66672e0 1.277e1 1.277e1
2.91654e0 -1.66672e0 1.05823e1 1.05823e1
3.3332e0 -1.66672e0 8.7418e0 8.7418e0
3.7498601e0 -1.66672e0 7.2485e0 7.2485e0
4.1665201e0 -1.66672e0 6.1026e0 6.1026e0
4.5831801e0 -1.66672e0 5.3038e0 5.3038e0
4.9998401e0 -1.66672e0 4.8521e0 4.8521e0

-5.0e0 -1.25006e0 9.3626e1 9.3626e1
-4.58334e0 -1.25006e0 8.5884e1 8.5884e1
-4.16668e0 -1.25006e0 7.8488e1 7.8488e1
-3.75002e0 -1.25006e0 7.1439e1 7.1439e1
-3.33336e0 -1.25006e0 6.4738e1 6.4738e1
-2.9167e0 -1.25006e0 5.8383e1 5.8383e1
-2.50004e0 -1.25006e0 5.2377e1 5.2377e1
-2.08338e0 -1.25006e0 4.6716e1 4.6716e1
-1.66672e0 -1.25006e0 4.1405e1 4.1405e1
-1.25006e0 -1.25006e0 3.644e1 3.644e1
-8.334e-1 -1.25006e0 3.18216e1 3.18216e1
-4.1673999e-1 -1.25006e0 2.75507e1 2.75507e1
-7.999e-5 -1.25006e0 2.36269e1 2.36269e1
4.1658002e-1 -1.25006e0 2.00504e1 2.00504e1
8.3324002e-1 -1.25006e0 1.68211e1 1.68211e1
1.24990002e0 -1.25006e0 1.3939e1 1.3939e1
1.66656e0 -1.25006e0 1.14041e1 1.14041e1
2.08322e0 -1.25006e0 9.2165e0 9.2165e0
2.49988e0 -1.25006e0 7.3761e0 7.3761e0
2.91654e0 -1.25006e0 5.8829e0 5.8829e0
3.3332e0 -1.25006e0 4.7368e0 4.7368e0
3.7498601e0 -1.25006e0 3.938e0 3.938e0
4.1665201e0 -1.25006e0 3.4863e0 3.4863e0
4.5831801e0 -1.25006e0 3.382e0 3.382e0
4.9998401e0 -1.25006e0 3.6249e0 3.6249e0

-5.0e0 -8.334e-1 7.7353e1 7.7353e1
-4.58334e0 -8.334e-1 7.0305e1 7.0305e1
-4.16668e0 -8.334e-1 6.3603e1 6.3603e1
-3.75002e0 -8.334e-1 5.725e1 5.725e1
-3.33336e0 -8.334e-1 5.1242e1 5.1242e1
-2.9167e0 -8.334e-1 4.5583e1 4.5583e1
-2.50004e0 -8.334e-1 4.027e1 4.027e1
-2.08338e0 -8.334e-1 3.5304e1 3.5304e1
-1.66672e0 -8.334e-1 3.06873e1 3.06873e1
-1.25006e0 -8.334e-1 2.64163e1 2.64163e1
-8.334e-1 -8.334e-1 2.24927e1 2.24927e1
-4.1673999e-1 -8.334e-1 1.89162e1 1.89162e1
-7.999e-5 -8.334e-1 1.56868e1 1.56868e1
4.1658002e-1 -8.334e-1 1.28047e1 1.28047e1
8.3324002e-1 -8.334e-1 1.027e1 1.027e1
1.24990002e0 -8.334e-1 8.0823e0 8.0823e0
1.66656e0 -8.334e-1 6.2418e0 6.2418e0
2.08322e0 -8.334e-1 4.7485e0 4.7485e0
2.49988e0 -8.334e-1 3.6026e0 3.6026e0
2.91654e0 -8.334e-1 2.80379e0 2.80379e0
3.3332e0 -8.334e-1 2.35219e0 2.35219e0
3.7498601e0 -8.334e-1 2.24779e0 2.24779e0
4.1665201e0 -8.334e-1 2.49062e0 2.49062e0
4.5831801e0 -8.334e-1 3.08064e0 3.08064e0
4.9998401e0 -8.334e-1 4.0178e0 4.0178e0

-5.0e0 -4.1673999e-1 6.2701e1 6.2701e1
-4.58334e0 -4.1673999e-1 5.6346e1 5.6346e1
-4.16668e0 -4.1673999e-1 5.034e1 5.034e1
-3.75002e0 -4.1673999e-1 4.468e1 4.468e1
-3.33336e0 -4.1673999e-1 3.9368e1 3.9368e1
-2.9167e0 -4.1673999e-1 3.4402e1 3.4402e1
-2.50004e0 -4.1673999e-1 2.97844e1 2.97844e1
-2.08338e0 -4.1673999e-1 2.55136e1 2.55136e1
-1.66672e0 -4.1673999e-1 2.15898e1 2.15898e1
-1.25006e0 -4.1673999e-1 1.80133e1 1.80133e1
-8.334e-1 -4.1673999e-1 1.47841e1 1.47841e1
-4.1673999e-1 -4.1673999e-1 1.1902e1 1.1902e1
-7.999e-5 -4.1673999e-1 9.367e0 9.367e0
4.1658002e-1 -4.1673999e-1 7.1794e0 7.1794e0
8.3324002e-1 -4.1673999e-1 5.339e0 5.339e0
1.24990002e0 -4.1673999e-1 3.8458e0 3.8458e0
1.66656e0 -4.1673999e-1 2.6998e0 2.6998e0
2.08322e0 -4.1673999e-1 1.90099e0 1.90099e0
2.49988e0 -4.1673999e-1 1.44939e0 1.44939e0
2.91654e0 -4.1673999e-1 1.34499e0 1.34499e0
3.3332e0 -4.1673999e-1 1.58781e0 1.58781e0
3.7498601e0 -4.1673999e-1 2.17784e0 2.17784e0
4.1665201e0 -4.1673999e-1 3.1151e0 3.1151e0
4.5831801e0 -4.1673999e-1 4.3994e0 4.3994e0
4.9998401e0 -4.1673999e-1 6.0312e0 6.0312e0

-5.0e0 -7.999e-5 4.9669e1 4.9669e1
-4.58334e0 -7.999e-5 4.4008e1 4.4008e1
-4.16668e0 -7.999e-5 3.8696e1 3.8696e1
-3.75002e0 -7.999e-5 3.3731e1 3.3731e1
-3.33336e0 -7.999e-5 2.91132e1 2.91132e1
-2.9167e0 -7.999e-5 2.48422e1 2.48422e1
-2.50004e0 -7.999e-5 2.09184e1 2.09184e1
-2.08338e0 -7.999e-5 1.7342e1 1.7342e1
-1.66672e0 -7.999e-5 1.41127e1 1.41127e1
-1.25006e0 -7.999e-5 1.12306e1 1.12306e1
-8.334e-1 -7.999e-5 8.6958e0 8.6958e0
-4.1673999e-1 -7.999e-5 6.5082e0 6.5082e0
-7.999e-5 -7.999e-5 4.6677e0 4.6677e0
4.1658002e-1 -7.999e-5 3.17448e0 3.17448e0
8.3324002e-1 -7.999e-5 2.02847e0 2.02847e0
1.24990002e0 -7.999e-5 1.22966e0 1.22966e0
1.66656e0 -7.999e-5 7.7806e-1 7.7806e-1
2.08322e0 -7.999e-5 6.7366e-1 6.7366e-1
2.49988e0 -7.999e-5 9.1649e-1 9.1649e-1
2.91654e0 -7.999e-5 1.50652e0 1.50652e0
3.3332e0 -7.999e-5 2.44377e0 2.44377e0
3.7498601e0 -7.999e-5 3.7282e0 3.7282e0
4.1665201e0 -7.999e-5 5.3598e0 5.3598e0
4.5831801e0 -7.999e-5 7.3387e0 7.3387e0
4.9998401e0 -7.999e-5 9.6648e0 9.6648e0

-5.0e0 4.1658002e-1 3.8257e1 3.8257e1
-4.58334e0 4.1658002e-1 3.32915e1 3.32915e1
-4.16668e0 4.1658002e-1 2.86732e1 2.86732e1
-3.75002e0 4.1658002e-1 2.44023e1 2.44023e1
-3.33336e0 4.1658002e-1 2.04787e1 2.04787e1
-2.9167e0 4.1658002e-1 1.69022e1 1.69022e1
-2.50004e0 4.1658002e-1 1.36728e1 1.36728e1
-2.08338e0 4.1658002e-1 1.07907e1 1.07907e1
-1.66672e0 4.1658002e-1 8.2559e0 8.2559e0
-1.25006e0 4.1658002e-1 6.0683e0 6.0683e0
-8.334e-1 4.1658002e-1 4.2278e0 4.2278e0
-4.1673999e-1 4.1658002e-1 2.73463e0 2.73463e0
-7.999e-5 4.1658002e-1 1.58861e0 1.58861e0
4.1658002e-1 4.1658002e-1 7.898e-1 7.898e-1
8.3324002e-1 4.1658002e-1 3.382e-1 3.382e-1
1.24990002e0 4.1658002e-1 2.33818e-1 2.33818e-1
1.66656e0 4.1658002e-1 4.7662e-1 4.7662e-1
2.08322e0 4.1658002e-1 1.06667e0 1.06667e0
2.49988e0 4.1658002e-1 2.0039e0 2.0039e0
2.91654e0 4.1658002e-1 3.28836e0 3.28836e0
3.3332e0 4.1658002e-1 4.9199e0 4.9199e0
3.7498601e0 4.1658002e-1 6.8988e0 6.8988e0
4.1665201e0 4.1658002e-1 9.2249e0 9.2249e0
4.5831801e0 4.1658002e-1 1.18982e1 1.18982e1
4.9998401e0 4.1658002e-1 1.49187e1 1.49187e1

-5.0e0 8.3324002e-1 2.8465e1 2.8465e1
-4.58334e0 8.3324002e-1 2.4194e1 2.4194e1
-4.16668e0 8.3324002e-1 2.02702e1 2.02702e1
-3.75002e0 8.3324002e-1 1.66937e1 1.66937e1
-3.33336e0 8.3324002e-1 1.34645e1 1.34645e1
-2.9167e0 8.3324002e-1 1.05824e1 1.05824e1
-2.50004e0 8.3324002e-1 8.0475e0 8.0475e0
-2.08338e0 8.3324002e-1 5.8598e0 5.8598e0
-1.66672e0 8.3324002e-1 4.0195e0 4.0195e0
-1.25006e0 8.3324002e-1 2.52626e0 2.52626e0
-8.334e-1 8.3324002e-1 1.38023e0 1.38023e0
-4.1673999e-1 8.3324002e-1 5.8142e-1 5.8142e-1
-7.999e-5 8.3324002e-1 1.29826e-1 1.29826e-1
4.1658002e-1 8.3324002e-1 2.54378e-2 2.54378e-2
8.3324002e-1 8.3324002e-1 2.68257e-1 2.68257e-1
1.24990002e0 8.3324002e-1 8.5828e-1 8.5828e-1
1.66656e0 8.3324002e-1 1.79553e0 1.79553e0
2.08322e0 8.3324002e-1 3.07999e0 3.07999e0
2.49988e0 8.3324002e-1 4.7116e0 4.7116e0
2.91654e0 8.3324002e-1 6.6905e0 6.6905e0
3.3332e0 8.3324002e-1 9.0166e0 9.0166e0
3.7498601e0 8.3324002e-1 1.16899e1 1.16899e1
4.1665201e0 8.3324002e-1 1.47104e1 1.47104e1
4.5831801e0 8.3324002e-1 1.8078e1 1.8078e1
4.9998401e0 8.3324002e-1 2.1793e1 2.1793e1

-5.0e0 1.24990002e0 2.02934e1 2.02934e1
-4.58334e0 1.24990002e0 1.67169e1 1.67169e1
-4.16668e0 1.24990002e0 1.34875e1 1.34875e1
-3.75002e0 1.24990002e0 1.06055e1 1.06055e1
-3.33336e0 1.24990002e0 8.0707e0 8.0707e0
-2.9167e0 1.24990002e0 5.883e0 5.883e0
-2.50004e0 1.24990002e0 4.0425e0 4.0425e0
-2.08338e0 1.24990002e0 2.54936e0 2.54936e0
-1.66672e0 1.24990002e0 1.40334e0 1.40334e0
-1.25006e0 1.24990002e0 6.0452e-1 6.0452e-1
-8.334e-1 1.24990002e0 1.52925e-1 1.52925e-1
-4.1673999e-1 1.24990002e0 4.853e-2 4.853e-2
-7.999e-5 1.24990002e0 2.91351e-1 2.91351e-1
4.1658002e-1 1.24990002e0 8.8138e-1 8.8138e-1
8.3324002e-1 1.24990002e0 1.81862e0 1.81862e0
1.24990002e0 1.24990002e0 3.10307e0 3.10307e0
1.66656e0 1.24990002e0 4.7346e0 4.7346e0
2.08322e0 1.24990002e0 6.7136e0 6.7136e0
2.49988e0 1.24990002e0 9.0396e0 9.0396e0
2.91654e0 1.24990002e0 1.1713e1 1.1713e1
3.3332e0 1.24990002e0 1.47334e1 1.47334e1
3.7498601e0 1.24990002e0 1.81012e1 1.81012e1
4.1665201e0 1.24990002e0 2.18161e1 2.18161e1
4.5831801e0 1.24990002e0 2.58783e1 2.58783e1
4.9998401e0 1.24990002e0 3.02876e1 3.02876e1

-5.0e0 1.66656e0 1.3742e1 1.3742e1
-4.58334e0 1.66656e0 1.086e1 1.086e1
-4.16668e0 1.66656e0 8.3252e0 8.3252e0
-3.75002e0 1.66656e0 6.1375e0 6.1375e0
-3.33336e0 1.66656e0 4.297e0 4.297e0
-2.9167e0 1.66656e0 2.80392e0 2.80392e0
-2.50004e0 1.66656e0 1.6579e0 1.6579e0
-2.08338e0 1.66656e0 8.5909e-1 8.5909e-1
-1.66672e0 1.66656e0 4.0749e-1 4.0749e-1
-1.25006e0 1.66656e0 3.03098e-1 3.03098e-1
-8.334e-1 1.66656e0 5.4591e-1 5.4591e-1
-4.1673999e-1 1.66656e0 1.13594e0 1.13594e0
-7.999e-5 1.66656e0 2.0732e0 2.0732e0
4.1658002e-1 1.66656e0 3.3575e0 3.3575e0
8.3324002e-1 1.66656e0 4.9893e0 4.9893e0
1.24990002e0 1.66656e0 6.9681e0 6.9681e0
1.66656e0 1.66656e0 9.2943e0 9.2943e0
2.08322e0 1.66656e0 1.19675e1 1.19675e1
2.49988e0 1.66656e0 1.4988e1 1.4988e1
2.91654e0 1.66656e0 1.83557e1 1.83557e1
3.3332e0 1.66656e0 2.20706e1 2.20706e1
3.7498601e0 1.66656e0 2.61328e1 2.61328e1
4.1665201e0 1.66656e0 3.05421e1 3.05421e1
4.5831801e0 1.66656e0 3.5298e1 3.5298e1
4.9998401e0 1.66656e0 4.0402e1 4.0402e1

-5.0e0 2.08322e0 8.8112e0 8.8112e0
-4.58334e0 2.08322e0 6.6235e0 6.6235e0
-4.16668e0 2.08322e0 4.7832e0 4.7832e0
-3.75002e0 2.08322e0 3.28996e0 3.28996e0
-3.33336e0 2.08322e0 2.14395e0 2.14395e0
-2.9167e0 2.08322e0 1.34512e0 1.34512e0
-2.50004e0 2.08322e0 8.9352e-1 8.9352e-1
-2.08338e0 2.08322e0 7.8914e-1 7.8914e-1
-1.66672e0 2.08322e0 1.03197e0 1.03197e0
-1.25006e0 2.08322e0 1.622e0 1.622e0
-8.334e-1 2.08322e0 2.55923e0 2.55923e0
-4.1673999e-1 2.08322e0 3.8437e0 3.8437e0
-7.999e-5 2.08322e0 5.4753e0 5.4753e0
4.1658002e-1 2.08322e0 7.4542e0 7.4542e0
8.3324002e-1 2.08322e0 9.7803e0 9.7803e0
1.24990002e0 2.08322e0 1.24536e1 1.24536e1
1.66656e0 2.08322e0 1.54741e1 1.54741e1
2.08322e0 2.08322e0 1.88417e1 1.88417e1
2.49988e0 2.08322e0 2.25568e1 2.25568e1
2.91654e0 2.08322e0 2.66188e1 2.66188e1
3.3332e0 2.08322e0 3.10283e1 3.10283e1
3.7498601e0 2.08322e0 3.5783e1 3.5783e1
4.1665201e0 2.08322e0 4.0887e1 4.0887e1
4.5831801e0 2.08322e0 4.634e1 4.634e1
4.9998401e0 2.08322e0 5.2138e1 5.2138e1

-5.0e0 2.49988e0 5.5006e0 5.5006e0
-4.58334e0 2.49988e0 4.0074e0 4.0074e0
-4.16668e0 2.49988e0 2.86147e0 2.86147e0
-3.75002e0 2.49988e0 2.06265e0 2.06265e0
-3.33336e0 2.49988e0 1.61105e0 1.61105e0
-2.9167e0 2.49988e0 1.50665e0 1.50665e0
-2.50004e0 2.49988e0 1.74948e0 1.74948e0
-2.08338e0 2.49988e0 2.33951e0 2.33951e0
-1.66672e0 2.49988e0 3.27675e0 3.27675e0
-1.25006e0 2.49988e0 4.5612e0 4.5612e0
-8.334e-1 2.49988e0 6.1928e0 6.1928e0
-4.1673999e-1 2.49988e0 8.1717e0 8.1717e0
-7.999e-5 2.49988e0 1.04977e1 1.04977e1
4.1658002e-1 2.49988e0 1.31711e1 1.31711e1
8.3324002e-1 2.49988e0 1.61916e1 1.61916e1
1.24990002e0 2.49988e0 1.95593e1 1.95593e1
1.66656e0 2.49988e0 2.32742e1 2.32742e1
2.08322e0 2.49988e0 2.73364e1 2.73364e1
2.49988e0 2.49988e0 3.17458e1 3.17458e1
2.91654e0 2.49988e0 3.6502e1 3.6502e1
3.3332e0 2.49988e0 4.1606e1 4.1606e1
3.7498601e0 2.49988e0 4.7057e1 4.7057e1
4.1665201e0 2.49988e0 5.2855e1 5.2855e1
4.5831801e0 2.49988e0 5.9e1 5.9e1
4.9998401e0 2.49988e0 6.5492e1 6.5492e1

-5.0e0 2.91654e0 3.8104e0 3.8104e0
-4.58334e0 2.91654e0 3.01163e0 3.01163e0
-4.16668e0 2.91654e0 2.56004e0 2.56004e0
-3.75002e0 2.91654e0 2.45564e0 2.45564e0
-3.33336e0 2.91654e0 2.69849e0 2.69849e0
-2.9167e0 2.91654e0 3.2885e0 3.2885e0
-2.50004e0 2.91654e0 4.2256e0 4.2256e0
-2.08338e0 2.91654e0 5.5101e0 5.5101e0
-1.66672e0 2.91654e0 7.1417e0 7.1417e0
-1.25006e0 2.91654e0 9.1206e0 9.1206e0
-8.334e-1 2.91654e0 1.14468e1 1.14468e1
-4.1673999e-1 2.91654e0 1.412e1 1.412e1
-7.999e-5 2.91654e0 1.71405e1 1.71405e1
4.1658002e-1 2.91654e0 2.05083e1 2.05083e1
8.3324002e-1 2.91654e0 2.42232e1 2.42232e1
1.24990002e0 2.91654e0 2.82854e1 2.82854e1
1.66656e0 2.91654e0 3.26947e1 3.26947e1
2.08322e0 2.91654e0 3.7451e1 3.7451e1
2.49988e0 2.91654e0 4.2554e1 4.2554e1
2.91654e0 2.91654e0 4.8006e1 4.8006e1
3.3332e0 2.91654e0 5.3804e1 5.3804e1
3.7498601e0 2.91654e0 5.9949e1 5.9949e1
4.1665201e0 2.91654e0 6.6441e1 6.6441e1
4.5831801e0 2.91654e0 7.3282e1 7.3282e1
4.9998401e0 2.91654e0 8.0469e1 8.0469e1

-5.0e0 3.3332e0 3.7405e0 3.7405e0
-4.58334e0 3.3332e0 3.636e0 3.636e0
-4.16668e0 3.3332e0 3.879e0 3.879e0
-3.75002e0 3.3332e0 4.469e0 4.469e0
-3.33336e0 3.3332e0 5.4062e0 5.4062e0
-2.9167e0 3.3332e0 6.6907e0 6.6907e0
-2.50004e0 3.3332e0 8.3223e0 8.3223e0
-2.08338e0 3.3332e0 1.03012e1 1.03012e1
-1.66672e0 3.3332e0 1.26273e1 1.26273e1
-1.25006e0 3.3332e0 1.53006e1 1.53006e1
-8.334e-1 3.3332e0 1.8321e1 1.8321e1
-4.1673999e-1 3.3332e0 2.16888e1 2.16888e1
-7.999e-5 3.3332e0 2.54037e1 2.54037e1
4.1658002e-1 3.3332e0 2.9466e1 2.9466e1
8.3324002e-1 3.3332e0 3.3875e1 3.3875e1
1.24990002e0 3.3332e0 3.863e1 3.863e1
1.66656e0 3.3332e0 4.3735e1 4.3735e1
2.08322e0 3.3332e0 4.9185e1 4.9185e1
2.49988e0 3.3332e0 5.4984e1 5.4984e1
2.91654e0 3.3332e0 6.113e1 6.113e1
3.3332e0 3.3332e0 6.7622e1 6.7622e1
3.7498601e0 3.3332e0 7.4461e1 7.4461e1
4.1665201e0 3.3332e0 8.1648e1 8.1648e1
4.5831801e0 3.3332e0 8.9183e1 8.9183e1
4.9998401e0 3.3332e0 9.7064e1 9.7064e1

-5.0e0 3.7498601e0 5.2908e0 5.2908e0
-4.58334e0 3.7498601e0 5.8809e0 5.8809e0
-4.16668e0 3.7498601e0 6.8181e0 6.8181e0
-3.75002e0 3.7498601e0 8.1026e0 8.1026e0
-3.33336e0 3.7498601e0 9.7342e0 9.7342e0
-2.9167e0 3.7498601e0 1.17131e1 1.17131e1
-2.50004e0 3.7498601e0 1.40392e1 1.40392e1
-2.08338e0 3.7498601e0 1.67125e1 1.67125e1
-1.66672e0 3.7498601e0 1.9733e1 1.9733e1
-1.25006e0 3.7498601e0 2.31007e1 2.31007e1
-8.334e-1 3.7498601e0 2.68156e1 2.68156e1
-4.1673999e-1 3.7498601e0 3.08777e1 3.08777e1
-7.999e-5 3.7498601e0 3.5286e1 3.5286e1
4.1658002e-1 3.7498601e0 4.0044e1 4.0044e1
8.3324002e-1 3.7498601e0 4.5146e1 4.5146e1
1.24990002e0 3.7498601e0 5.0598e1 5.0598e1
1.66656e0 3.7498601e0 5.6396e1 5.6396e1
2.08322e0 3.7498601e0 6.2541e1 6.2541e1
2.49988e0 3.7498601e0 6.9034e1 6.9034e1
2.91654e0 3.7498601e0 7.5874e1 7.5874e1
3.3332e0 3.7498601e0 8.3061e1 8.3061e1
3.7498601e0 3.7498601e0 9.0594e1 9.0594e1
4.1665201e0 3.7498601e0 9.8477e1 9.8477e1
4.5831801e0 3.7498601e0 1.06705e2 1.06705e2
4.9998401e0 3.7498601e0 1.15282e2 1.15282e2

-5.0e0 4.1665201e0 8.4615e0 8.4615e0
-4.58334e0 4.1665201e0 9.746e0 9.746e0
-4.16668e0 4.1665201e0 1.13776e1 1.13776e1
-3.75002e0 4.1665201e0 1.33565e1 1.33565e1
-3.33336e0 4.1665201e0 1.56825e1 1.56825e1
-2.9167e0 4.1665201e0 1.83559e1 1.83559e1
-2.50004e0 4.1665201e0 2.13763e1 2.13763e1
-2.08338e0 4.1665201e0 2.47441e1 2.47441e1
-1.66672e0 4.1665201e0 2.8459e1 2.8459e1
-1.25006e0 4.1665201e0 3.25212e1 3.25212e1
-8.334e-1 4.1665201e0 3.693e1 3.693e1
-4.1673999e-1 4.1665201e0 4.1687e1 4.1687e1
-7.999e-5 4.1665201e0 4.679e1 4.679e1
4.1658002e-1 4.1665201e0 5.2242e1 5.2242e1
8.3324002e-1 4.1665201e0 5.804e1 5.804e1
1.24990002e0 4.1665201e0 6.4185e1 6.4185e1
1.66656e0 4.1665201e0 7.0677e1 7.0677e1
2.08322e0 4.1665201e0 7.7518e1 7.7518e1
2.49988e0 4.1665201e0 8.4705e1 8.4705e1
2.91654e0 4.1665201e0 9.2238e1 9.2238e1
3.3332e0 4.1665201e0 1.0012e2 1.0012e2
3.7498601e0 4.1665201e0 1.08348e2 1.08348e2
4.1665201e0 4.1665201e0 1.16925e2 1.16925e2
4.5831801e0 4.1665201e0 1.25848e2 1.25848e2
4.9998401e0 4.1665201e0 1.35118e2 1.35118e2

-5.0e0 4.5831801e0 1.32526e1 1.32526e1
-4.58334e0 4.5831801e0 1.52313e1 1.52313e1
-4.16668e0 4.5831801e0 1.75575e1 1.75575e1
-3.75002e0 4.5831801e0 2.02307e1 2.02307e1
-3.33336e0 4.5831801e0 2.32513e1 2.32513e1
-2.9167e0 4.5831801e0 2.6619e1 2.6619e1
-2.50004e0 4.5831801e0 3.03339e1 3.03339e1
-2.08338e0 4.5831801e0 3.4395e1 3.4395e1
-1.66672e0 4.5831801e0 3.8805e1 3.8805e1
-1.25006e0 4.5831801e0 4.3561e1 4.3561e1
-8.334e-1 4.5831801e0 4.8665e1 4.8665e1
-4.1673999e-1 4.5831801e0 5.4117e1 5.4117e1
-7.999e-5 4.5831801e0 5.9914e1 5.9914e1
4.1658002e-1 4.5831801e0 6.606e1 6.606e1
8.3324002e-1 4.5831801e0 7.2552e1 7.2552e1
1.24990002e0 4.5831801e0 7.9391e1 7.9391e1
1.66656e0 4.5831801e0 8.658e1 8.658e1
2.08322e0 4.5831801e0 9.4113e1 9.4113e1
2.49988e0 4.5831801e0 1.01994e2 1.01994e2
2.91654e0 4.5831801e0 1.10223e2 1.10223e2
3.3332e0 4.5831801e0 1.18799e2 1.18799e2
3.7498601e0 4.5831801e0 1.27722e2 1.27722e2
4.1665201e0 4.5831801e0 1.36993e2 1.36993e2
4.5831801e0 4.5831801e0 1.46611e2 1.46611e2
4.9998401e0 4.5831801e0 1.56575e2 1.56575e2

-5.0e0 4.9998401e0 1.96638e1 1.96638e1
-4.58334e0 4.9998401e0 2.2337e1 2.2337e1
-4.16668e0 4.9998401e0 2.53577e1 2.53577e1
-3.75002e0 4.9998401e0 2.87253e1 2.87253e1
-3.33336e0 4.9998401e0 3.24403e1 3.24403e1
-2.9167e0 4.9998401e0 3.6502e1 3.6502e1
-2.50004e0 4.9998401e0 4.0912e1 4.0912e1
-2.08338e0 4.9998401e0 4.5668e1 4.5668e1
-1.66672e0 4.9998401e0 5.0772e1 5.0772e1
-1.25006e0 4.9998401e0 5.6223e1 5.6223e1
-8.334e-1 4.9998401e0 6.2021e1 6.2021e1
-4.1673999e-1 4.9998401e0 6.8166e1 6.8166e1
-7.999e-5 4.9998401e0 7.4658e1 7.4658e1
4.1658002e-1 4.9998401e0 8.1499e1 8.1499e1
8.3324002e-1 4.9998401e0 8.8686e1 8.8686e1
1.24990002e0 4.9998401e0 9.622e1 9.622e1
1.66656e0 4.9998401e0 1.04102e2 1.04102e2
2.08322e0 4.9998401e0 1.1233e2 1.1233e2
2.49988e0 4.9998401e0 1.20906e2 1.20906e2
2.91654e0 4.9998401e0 1.2983e2 1.2983e2
3.3332e0 4.9998401e0 1.39099e2 1.39099e2
3.7498601e0 4.9998401e0 1.48717e2 1.48717e2
4.1665201e0 4.9998401e0 1.58682e2 1.58682e2
4.5831801e0 4.9998401e0 1.68994e2 1.68994e2
4.9998401e0 4.9998401e0 1.79652e2 1.79652e2
